DA-Showdown
72*42
6.2011*6.2724|0|0
20,20
Border: Passable




0

1,3|1,3|1,3|1,3|1,3|1,3|1,3|1,3|1,3|1,3|1|1|1|1|1|1|1|1|1|1|1|1|1|1|1|1|1|1|1|1|1|1|1|1|1|1|1|1|1|1|1|1|1,3|1|1|1|1|1|1|1|1|1,3|1|1,5,3|1|1|1|1|1|1|1|1|1|1|1|1|1|1|1|1|1|1|1,3|1,3|1,3|1,3|1,3|1,3|1,3|1,3|1,3|1,3|1,3|1,3|1,3|1|1|1|1|1|1|1|1|4,3,6|1|4,3,6|1|1|1|1|1|1|1|1|1|1|1|1,4,3|1|1|1|1|1|1|1,3|1|1|1|1|1|1|1|1|1|1|1,3|1,3|1|1|1|1|1|1|1|1|0,6|1|0,6|1|1|1|1|1|1|1|1|1|1|1|4,3,6|1|1|1|1|1|1|4,3,6|1|1|1|1|1|1|1|1|1|1|1,3|1,3|1|1|1|2,6|0,6|0,6|0,6|0,2,6|0,6|0,2,6|0,6|0,2,6|0,6|2,6|1|1|1|1|1,9,3|1|1|1|0,6|1|1|1|1|1|1|0,6|1|1|1|1|1|1|1|1|1|1|1,3|1,3|1|1|1|0,6|0,6|0,6|0,6|0,6|0,6|0,2,6|0,6|0,6|0,6|0,6|1|1|1|1|4,3,6|1|2,6|0,6|0,6|0,6|2,6|1|1|0,6|0,6|0,6|0,6|2,6|1|1|1|1|1|1|1|1|1,3|1,3|1|1|1|1|0,6|0,6|0,6|0,6|0|0|0|0|0|1|1|1|1|1|0,6|1|0,6|0,6|0,6|0|0|1|1|0,6|0,6|0,6|0,6|0,6|1|1|1|1|1|1|1|1|1,3|1,3|1|1,4,3|4,3,1,6|0,1,6|0,1,6|0,1,6|0,1,6|0,1,6|0,1|0,1|0,1|0,1|1|1|1|1|1|1|0,6|1|0,6|0,6|0,6|0|1|1|1|0,6|0,6|0,6|0,6|1|1|1|1|1|1|1|1|1|1,3|1,3|1|1|1|1|0,6|0,6|0,6|0|0|0|0|0|0|1|1|1|1|1|0,6|1|0,6|0,6|0,6|0|1|1|1|0,6|0,6|0,6|0,6|1|1|1|1|1|1|1|1|1|1,3|1,3|1|1|1|0,6|0,6|0|0|0|0|0|0|0|0|0|1|1|1|1|0,6|1|0,6|0,6|0,6|0|1|1|1|0,6|0,6|0,6|0,6|0,6|2,6|1|1|1|1|1|1|1|1,3|1,3|1|1|1|0,6|0,6|0|0|0|0|0|0|0|0|0|1|1|1|1|0,6|1|0,6|0,6|0,6|0|0|1|1|0,6|0,6|0,6|0,2,6|0,6|0,6|0,6|0,6|2,6|1|1|1|1|1,3|1,3|1|1|1|0,6|0,6|0|0|0,2|0|0|0|0|0|0|1|1|1|1|0,6|1|0,1,6|0,1,6|0,1,6|0,1|0,1|3,1,6|0,1,6|0,1,6|0,1,6|0,1,6|0,2,1,6|0,1,6|0,1,6|0,1,6|0,1,6|0,1,6|1|1|1|1|1,3|1,3|1|1|1|0,1,6|0,6|1|1|1|0,1|0,1|0,1|0|0|0|1|1|1|1|0,6|1|0,6|0,6|0,6|0|0|1|1|0,6|0,6|0,6|0,2,6|0,6|0,6|0,6|0,6|0,6|1|1|1|1|1,3|1,3|1|1|1|0,6|0,6|1|1|1|0|0|0|0|0|0|1|1|1|1|0,6|1|0,6|0,6|0|0|0|1|1|0,6|0,6|0,6|0,2,6|0,6|0,6|0,6|0,6|0,6|0,6|4,3,6|1,5,3|1|1,3|1,3|1|1|1|0,6|0,6|1|1|1|0|0|0|0|0|1|1|1|1|1|0,6|1|0,6|0,6|0|0|0|1|1|0,6|0,6|0,6|0,2,6|0,6|0,6|0,6|0,6|0,6|1|1|1|1|1,3|1,3|1|1|1|0,1,6|0,1,6|1|1|1|0,1|0,1|0|0|0|1|1|1|1|1|0,6|1|2,6|0,6|0|0|0|0|0,6|0,6|0,6|0,6|0,6|0,6|0,6|0,6|0,6|0,6|1|1|1|1|1,3|1,3|1|1|1|0,6|0,6|0|0|0,2|0|0|0|0|0|0|1|1|1|1|0,6|1|1|1|0|0|0|0|0,6|0,6|0,6|0,6|0,6|0,6|0,6|0,6|0,6|0,6|1|1|1|1|1,3|1,3|1|1|1|0,1,6|0,1,6|0,1|0,1|0,1|0,1|0,1|0,1|0,1|0|0|1|1|1|1|0,6|0,1,6|0,1,6|0,1,6|0,1|0,1|0|0|0,6|0,6|0,6|0,6|0,6|0,6|0,6|0,6|0,6|0,6|1|1|1|1|1,3|1,3|1|1|1|0,6|0,6|0|0|0|0|0|0|0|0|0|1|1|1|1|1|1|1|1|0|0|0|0|0,6|0,6|0,6|0,6|0,6|0,6|0,6|0,6|0,6|0,6|0,6|4,3,6|1,9,3|1|1,3|1,3|1|1|1|2,6|0,6|0|0|0|0|0|0|0|0|2|1|1|1|1|1,5,3|1|1|1|0|0|0|0|0,6|0|0|0|0,2,6|0,6|0,6|0,6|0,6|0,6|1|1|1|1|1,3|1,3|1|1|1|1|1|1|1|1|1|1|1|0,6|0,6|1|1|1|1|1|4,3,6|1|0,1,6|0,1,6|0,1|0,1|0,1|0|0,6|0,1|0,1|0,1|0,2,1,6|0,1,6|0,1,6|0,1,6|0,1,6|0,1,6|1|1|1|1|1,3|1,3|1|1|1|1|1|1|1|1|1|2|0,6|0,6|0,6|1|1|1|1|1|0,6|1|0,6|1|0|0|0|0|0,6|0|0|0|0,2,6|0,6|0,6|0,6|0,6|0,6|1|1|1|1|1,3|1,3|1|1|1|1|1|1|2|0|0|0|0,6|0,6|2,6|1|1|1|1|1|0,6|1|0,6|1|0|0|0|0|0,6|0|0|0|0,2,6|0,6|0,2,6|0,6|0,6|0,6|1|1|1|1|1,3|1,3|1|1|1|2,6|0,6|0|0|0|0|0,6|0,6|2,6|1|1|1|1|1|1|0,6|1|0,6|1|0|0|0|0|0,6|0|0|0|0,2,6|0,6|0,2,6|0,6|0,6|2,6|1|1|1|1|1,3|1,3|1|1|1|0,6|0,6|0|0|0|0|0,6|0,6|1|1|1|1|1|1|1|0,6|1|0,6|1|0|0|0|0|0,6|0|0|0|0,2,6|0,6|0,2,6|0,6|0,6|1|1|1|1|1|1,3|1,3|1,3|4,3,1,6|0,1,6|0,1,6|0,1,6|0,1|0|0|0,1|0,1,6|2,1,6|1|1|1|1|1|1|1|0,6|1|0,6|1|0|0|0|0,6|0,6|0|0|0|0,2,6|0,6|0,2,6|0,6|2,6|1|1|1|1|1|1,3|1|1|1|1|0,6|0,6|0,6|0,6|0,6|0,6|0,6|1|1|1|1|1|1|1|1|0,6|1|0,6|1|0,6|0,6|0,6|0,6|0,6|0,6|0,6|2,6|1|1|1|1|1|1|1|1|1|1|1,3|1|1|1|1|0,6|0,6|0,6|0,6|0,6|0,6|2,6|1|1|1|1|1|1|1|1|0,6|1|0,6|1|0,6|0,6|0,6|0,6|0,6|0,6|0,6|1|1|1|1|1|1|1|1|1|1|1|1,3|1|1|1|1|2,6|0,6|0,6|2,6|1|0,6|1|1|1|1|1|1|1|1|1|0,6|1|4,3,6|1|0|0|0|0,6|0,6|0|0|0|2,6|1|1|1|1|1|1|1|1|1|1,3|1|1|1|1|1|0,6|1|1|1|4,3,6|1|1|1|1|1|1|1|1|1|0,6|1|1,3|1|0|0|0|0|0,6|0|0|0|0|0,6|0,2,6|0,6|0,6|2,6|1|1|1|1|1,3|1|1|1|1|1|0,6|1|1|1|1,3|1|1|1|1|1|1|1|1|1|0,6|1|1,3|1|0|0|0|0|0,6|0|0|0|0|0,6|0,2,6|0,6|0,6|0,6|1|1|1|1|1,3|1|1|1|1|1|0,6|1|1|1|1,3|1|1|1|1|1|1|1|1|1|0,6|1|1,3|1|0|0|0|0|0,6|0|0|0|0|0,6|0,2,6|0,6|0,6|0,6|1|1|1|1|1,3|1|1|1|1|1|0,6|1|1|1|1,3|1|1|1|1|1|1|1|1|1|0,6|0,6|0,1,3,6|0,1,6|0,1|0,1|0,1|0,1|0,1,6|0,1|0,1|0,1|0,1|0,1,6|0,2,1,6|0,1,6|0,1,6|0,1,6|0,1,6|4,3,1,6|1,9,3|1|1,3|1|1|1|2,6|0,6|0,6|0,6|2,6|1|1,3|1|1|1|1|1|1|1|1|1|1|1|1,3|1|0|0|0|0,6|0,6|0,6|0,6|0,6|0,6|0,6|0,2,6|0,6|0,6|0,6|1|1|1|1|1,3|1|1|1|0,6|0,6|0,6|0,6|0,6|1|1,3|1,3|1,3|1,3|1,3|1,3|1,3|1,3|1,3|1,3|1,3|1,3|1,3|1|0,6|0,6|0,6|0,6|0,6|0,6|0,6|0,6|0,6|0,6|0,2,6|0,6|0,6|0,6|1|1|1|1|1,3|1|1|1|0,6|0,6|0,6|0,6|0,6|1|1|1|1|1|1|1|1|1|1|1|1|1|1|2,6|0,6|0,6|0,6|0,6|0,6|0,6|0,6|0,6|0,6|0,6|0,2,6|0,6|0,6|0,6|1|1|1|1|1,3|1|1|1|0,6|0,6|0,6|0,6|1|1|1|1|1|1|1|1|1|1|1|1|1|2,1,6|0,2,1,6|0,1,6|0,1,6|0,6|0,6|0,6|0,6|0,6|0,6|0,6|0,6|0,6|0,2,6|0,6|0,6|0,6|1|1|1|1|1,3|1|1|1|0,6|0,6|0,6|0,6|0,6|1|1,3|1,3|1,3|1,3|1,3|1,3|1,3|1,3|1,3|4,3,6|0,6|0,6|0,2,6|0,6|0,6|0,6|0,6|0,6|0,6|0,6|0,6|0,6|0,6|0,1,6|1|1|1|0,1,6|1|1|1|1|1,3|1|1|1|2,6|0,6|0,6|0,6|2,6|1|1,3|1|1|1|1|1|1|1|1|1|1|0,6|0,6|0,6|0|0|0|0,6|0,6|0,6|0,6|0,6|0,6|0,6|1|1|1|0,6|1|1|1|1|1,3|1|1|1|1|1|0,6|1|1|1|1,3|1|1|1|1,5,3|1|1|1|1|1|2,6|0,6|0,6|0,6|0|0|0|0|0,6|0|0|0|0|0,6|1|1|1|0,6|1|1|1|1|1,3|1|1|1|1|1|0,6|1|1|1|1,3|1|1|1|4,3,6|1|1|1|1|1|0,1,6|0,1,6|0,1,6|0,1,6|0,1|0,1|0,1|0|0,6|0|0|0,1|0,1|1|1|1|1|0,1,6|1|1|1|1|1,3|1|1|1|1|1|0,6|1|1|1|1,3|1|1|1|0,6|1|1|1|1|1|0,6|0,6|0,6|0,6|0|0|0|0|0,6|0|0|0|0|0,6|0,6|0,6|0,6|0,6|1|1|1|1|1,3|1|1|1|1|1|0,6|1|1|1|4,3,6|1|1|2,6|0,6|2,6|1|1|1|1|0,6|0,6|0,6|0,6|0|0|0|0|0,6|0|0|0|0|0,6|0,6|0,6|0,6|0,6|1|1|1|1|1,3|1|1|1|1|2,6|0,6|0,6|2,6|1|0,6|1|1|0,6|0,6|0,6|1|1|1|1|1|0,1,6|0,1,6|0,6|0|0|0|0,6|0,6|0|0|0|0,6|0,6|0,6|0,6|0,6|1|1|1|1|1|1,3|1|1|1|1|0,6|0,6|0,6|0,6|0,6|0,6|2,6|1|2,6|0,6|2,6|1|1|1,9,3|4,3,6|0,6|0,6|0,6|0,6|0,6|0,6|0,6|1|1|0,6|0,6|0,6|0,6|0,6|0,6|0,6|0,6|1|1|1|1|1|1,3|1|1|1|1|0,6|0,6|0,6|0,6|0,6|0,6|0,6|1|1|0,6|1|1|1|1|1|1|0,1,6|0,1,6|0,1,6|0,1,6|0,1,6|1|1|1|0,1,6|0,6|0,6|0,6|0,6|0,6|0,6|0,6|0,6|1|1|1|1|1,3|1|1|1|1|0,6|0,6|0|0|0|0|0,6|1|1|0,6|1|1|1|1|1|0,6|0,6|0,6|0,6|0|0|0,7|1|1|0|0|0|0,6|0,6|0,6|0,6|0,6|0,6|1|1|1|1|1,3|1|1|1|1|0,6|0,6|0|0|0|0|0,6|2,6|1|0,6|1|1|1|1|1|0,6|0,6|0,6|0,6|0|0|0,7|1|1|0|0|0|0,6|0,6|0,6|0,6|0,6|0,6|1|1|1|1|1,3|1|1|1|1|0,1,6|0,1,6|0|0|0|0|0,6|0,6|0,6|0,6|1|1|1|1|1|0,6|0,6|0,6|0,6|0|0|0,7|1|1|0|0|0|0,6|0,6|0,6|0,6|0,6|0,6|0,6|4,3,6|1,3|1,3|1,3|1|1|1|1|0,6|0,6|0|0|0|0|0|0,6|1|1|1|1|1|1|1|0,6|0,6|0,6|0,6|0|0|0,7|1|1|0|0|0|0,6|0,6|0,6|0,6|0,6|0,6|1|1|1|1|1|1|1|1|1|0,1,6|0,1,6|0,1|0,1|0|0|0|0,6|2,6|1|1|1|1|1|1|1|0,1,6|0,6|0,1,6|0,1|0,1|0,1|1|1|0,1|0|0|0,6|0,6|0,6|0,6|0,6|1|1|1|1|1|1|1|1|1|1|0,6|0,6|0|0|0|0|0|0|0,6|1|1|1|1|1|1|0,6|0,6|0,6|0,6|0|0|0|1|1|0|0|0|0,6|0,6|0,6|0,6|1|1|1|1|1|1|1|1|1|1|1|0,6|0,6|0|0|0|0|0|0|0|2|1|1|1,5,3|4,3,1,6|0,1,6|0,1,6|0,6|0,6|0,6|0|0|0|0|0,6|0|0|0|0,6|0,6|0,6|0,6|1|1|1|1|1|1|1|1|1|1|1|0,1,6|0,6|0|0|0|0|0|0|0|0|1|1|1|1|1|0,6|0,6|0,6|0,6|0|0|0|0|0,6|0,6|0,6|0,6|0,6|0,1,6|0,1,6|0,1,6|1|1|1|1|1|1|1|1|1|1|1|0,6|0,6|0|0|0|0|0|0|0|0|1|1|1|1|1|0,1,6|0,1,6|0,1,6|0,1,6|0,1|0,1|0,1|0,1|0,1,6|0,1,6|0,6|0,6|0,6|0,6|0,6|0,6|0,6|1|1|1|1|1|1|1|1|1|1|0,6|0,6|0|0|0|0|0|0|0|0|2|1|1|1|1|0,6|0,6|0,6|0,6|0|0|0|0|0,6|0,6|0,6|0,6|0,6|0,6|0,6|0,6|0,6|0,6|1|1|1|1|1|1|1|1|1|0,6|0,6|0|0|0|0|0|0|0|0|0,7|1|1|1|1|2,6|0,6|0,6|0,6|0|0|0|0|0,6|0,6|0,6|0,6|0,6|0,6|0,6|0,6|0,6|0,6|1|1|1|1|1|1|1|1|1|0,6|0,6|0|0|0|0|0|0|0|0|1|1|1|1|1|1|2,1,6|0,1,6|0,1,6|0,1|0|0|0|0,6|0,6|0,6|0,6|0,6|0,6|0,6|0,6|0,6|0,6|1|1|1|1|1|1|1|1|1|1|0,6|0|0|0|0|0|0|0|0|0|1|1|1|1|1|1|2,6|0,6|0|0|0|0|0,6|0,6|0,6|0,6|0,6|0,6|0,6|0,6|0,6|0,6|1|1|1|1|1|1|1|1,4,3|4,3,1,6|0,1,6|0,1,6|0|0|1|1|0|0|0|0|0|0,6|4,3,6|1,4,3|1|1|1|1|1|2,6|0|0|0|0,6|0,6|0,6|0,6|0,6|0,6|0,6|0,6|0,6|0,6|1|1|1|1|1|1|1|1|1|1|0,6|0|0|1|1|0|0|0|0|0|1|1|1|1|2,6|0,6|0,6|2,6|1|0|0|0|0,6|0,6|0,6|0,6|0,6|0,6|1|1|0,6|0,6|1|1|1|1|1|1|1|1|1|0,6|0,6|0|1|1|1|0|0|0|0|0|1|1|1|1|0,6|0,6|0,6|0,6|1|0|0|0|0,6|0,6|0,6|0,6|0,6|0,6|1|1|0,6|0,6|1|1|1|1|1|1|1|1|1|0,6|0,6|0|0|1|1|0|0|0|0|0|1|1|1|1|0,6|0,6|0,6|0,6|1|0|0|0|0,6|0,6|0,6|0,6|0,6|0,6|1|1|0,6|0,6|1|1|1|1|1|1|1|1|1|1|0,6|0,6|0,6|1|1|0|0|0|0|0|1,3|1,3|4,3,6|0,6|0,6|0,1,6|0,1,6|0,1,6|3,1,6|0,1|0,1|0,1|0,6|0,6|0,1,6|0,1,6|0,1,6|0,1,7,6|1|1|0,6|0,6|1|1|1|1|1|1|1|1,4,3|4,3,6|0,1,6|0,1,6|0,1,6|0,1,6|3,1,6|0,1,6|0,1|0,1|0,1|0,1|1|1,3|1|1|1|0,6|0,6|0,6|0,6|1|0|0|0|0,6|0,6|0,6|0,6|0,6|1|1|1|0,6|0,6|1|1|1|1|1|1|1|1|1|1|0,6|0,6|0,6|1|1|0|0|0|0|1|1,3|1|1|1|0,6|0,6|0,6|1|1|0|0|0,6|0,6|0,6|0,6|0,6|0,6|0,7,6|1|1|0,6|0,6|1|1|1|1|1|1|1|1|1|0,6|0,6|0,6|0,6|1|1|0,6|0,6|0,6|0,6|0,6|1,3|1|1|1|2,6|0,6|0,6|2,6|1|2,6|0,6|0,6|0,6|0,6|0,6|0,6|0,6|2,6|1|1|1|0,6|1|1|1|1|1|1|1|1|1|2,6|0,6|0,6|0,6|0,6|0,6|0,6|0,6|0,6|0,6|2,6|1,3|1|1|1|1|1|1|1|1|1|1|1|1|0,6|1|1|1|1|1|1|1|4,3,6|1|1|1|1|1|1|1|1|1|1|1|1|0,6|1|1|1|1|0,6|1|1|1,3|1|1|1|1|1|1|1|1|1|1|1|1|4,3,6|1|1|1|1|1|1|1|1,5,3|1|1|1|1|1|1|1|1|1|1|1|1|4,3,6|1|1|1|1|4,3,6|1|1|1,3|1|1|1|1|1|1|1|1|1|1|1|1|1,9,3|1|1|1|1|1|1|1|1|1|1|1|1|1|1|1|1|1|1|1|1|1,9,3|1|1|1|1|1,3|1,3|1,3|1,3|1|1|1|1|1|1|1|1|1|1|1|1|1|1|1|1|1|1|1|1|1|1|1|1|1|1|1|1|1|1|1|1|1|1|1|1|1|1|1|1|1|1|1|1|1|1|1|1|1|1|1|1|1|1|1|1|1|1|1|1|1|1|1|1|1|1|1|1|
camera angles:0,0;0,0;0,0;0,0
